000004009 000000000 008970013 027000080 000007006 150000400 000005307 002000090 000720000
072040106 400390000 600200003 000020000 260000708 050037000 000000000 000080042 001000000
000705004 000010009 050000070 070000000 080002000 009307000 600004000 400098001 003000000
610000004 205004000 309000080 003000060 020306008 000070000 000020030 402061000 000000000
200063700 000000000 086020000 700008009 003004000 000001000 800000040 090700053 004006900
080000019 000820000 923000000 000030000 000900000 040000007 009006050 001700300 002080090
050910040 103000700 000000600 000060090 000308000 001000003 009451000 007800001 010002064
000080000 080094200 040000000 001028507 000000000 009000000 000000421 000000076 734100000
900000080 100405060 050700004 000004730 008600000 009000000 000060009 004000250 000001300
100400950 003800000 050060027 000000500 501000400 000000000 387020009 009080000 000000000
006000090 050000043 807305006 002000000 000020100 400731000 000010050 504900028 000800070
000000040 900300000 060000070 014200690 059070000 608000007 001500000 000002100 200000000
000901300 000000000 490200000 908060700 000000801 000000000 700802600 265010000 001590000
006003000 012000000 500000007 000060730 309010806 004000000 000000204 050000300 240009000
520003000 000010024 300000105 000160000 000900000 204000006 090000070 800070060 070000510
008000400 203000000 401000000 000906000 870041905 500000000 000070893 000000000 040000071
000000012 000000004 540600000 930704080 002009005 000008300 000000000 000590000 006012700
200760000 050000900 000200000 003000150 700130000 009040007 030000005 000094000 002080000
098000000 000095000 200640010 500300600 003006050 007000040 004000120 002000000 006000097
000000000 200008000 010000796 098000130 100000060 026000000 004000300 030005008 000000040
400500020 000000000 000000105 004918000 000400006 308060002 009200080 000007000 020000907
000000000 030000040 102000006 000070069 000300470 060005200 003200015 000030800 004708000
000040000 070100006 008520900 040000000 000809020 000400000 690000300 020050000 030910070
504000300 601984200 000200004 000027000 000036000 000000060 000008009 007400500 010600000
000000000 000005002 802000700 010700004 000053900 090600083 100000000 605100240 420030070 
000060100 580201040 219000000 000070000 000900300 000100000 000003670 460500000 000000000
000043007 000000010 100005690 090000000 040009000 085000000 400010250 010004008 200006003
002100850 000008009 003040270 000700000 050002300 000009001 608090704 090000000 000000000
003007009 000018000 050000004 060030000 020800000 301000805 030000000 080400750 000000140
002000000 090530000 001000080 060000200 003700050 500300100 900060008 006047003 080000000
000010020 002300090 000705106 900800200 000001050 000000600 800000000 260900003 500034800
060004000 020000405 000005860 003060100 009000000 000031000 200070508 007800690 000000000
000020060 007009008 001408000 000590010 039040000 005000000 000002006 170600040 000180000
060000005 000001000 038070090 000050200 300000600 000090010 020000000 054003080 000507040
000008200 018040060 307000000 000000008 000000050 056002093 000000500 000726000 000000610
091040020 000000970 807003000 000000005 300000000 002000080 060900050 008401600 100007000
000002000 000000307 000706194 010005403 004000800 000000060 000001000 000470000 008600005
000007000 500000703 900500080 000480000 400000000 801005920 090000100 000700862 720000000
090020000 070000000 030601080 100000006 050407000 007000050 005000200 300050708 000043900
000004020 000025070 000000860 900700000 000000080 050200007 080010000 009006040 200007038
205009003 000028500 000010040 620090000 000000080 058000000 500001000 007003052 000400370
000000006 000200050 030700000 000107305 200030001 000000402 000000139 020005800 803000007
000008070 000700000 005000902 000937200 080004050 100860000 000409000 076000800 000000000
005700100 004000500 001904008 000008006 200390000 009000000 062000001 970040052 100070090
000001790 050009020 000806005 009020000 004000000 001900000 038004907 000700800 000000402
002100850 000008009 003040270 000700000 050002300 000009001 608090704 090000000 000000000
000000000 000000072 060350040 920083010 800005000 007400000 000200300 000007008 500009000
000040000 047020000 100607800 000000000 000009000 060000058 000302009 200070400 030408000
000200800 040730000 802500004 710024000 000000000 006050000 600090100 000006300 090300008
000000040 000000000 270900853 002000031 040601000 060000090 800290000 000000000 700000008
003005900 020001050 008400000 001009000 200000000 000003000 000560000 062000000 405100730
065108004 700400000 000000080 009000600 080270000 020000000 640000370 000310009 000000008 
600000000 003090040 000050000 200700000 000020000 001405000 097008030 020070009 060000100
000000630 060700108 100020000 300502800 000800500 500130000 200300091 050000000 000670420
080006000 000000000 006020000 091560008 000498070 030000000 000650900 050132700 000000002
047600000 600000075 001003060 000000209 000070003 090500100 500000800 280000034 000800000
350000600 120040700 970000002 800000020 000000030 500030000 000621000 090000080 000005040
070600804 010008000 000000000 800000019 735000000 000030060 540209100 000500080 100000700
240000010 000005060 903000000 060000005 002004608 800000020 000600430 008000000 019000070
000500000 000000700 700040000 060305200 040200000 008000060 000408036 000632108 000090002
600900000 000500010 400006050 504090200 820000500 030070000 005003048 000050000 700002005
060000800 010900400 200000000 020300900 037006002 800000000 093000000 000805100 400001000
040500000 300000060 000000102 090003570 603050000 000000030 000000850 150030090 080900700
300007000 000100005 040380000 002000080 004000150 000032060 520000098 000020000 010000030
049000050 008020300 006000000 000400600 007000401 080010000 010790000 000001807 000800000
950300000 028641009 700000200 030700040 080000605 000000007 040000080 801200000 000008700
028096000 900003000 000854010 000005200 079060000 500000000 162008407 003700000 000000000
000079010 004260083 000001000 980000060 000000009 005004000 000030270 800700000 000500040
300007000 000100005 040380000 002000080 004000150 000032060 520000098 000020000 010000030 
004070000 001009008 000000700 000000521 000305000 000060900 000007102 000052680 950086070
006095004 000000007 070080520 008001005 000002000 000009000 040010002 003006700 500037800
820010000 007000800 000300007 000046000 000001200 091000600 000000080 006709015 000000300
000570030 300086009 000000010 070009000 003800605 800200070 000005007 047000100 600000048
700006009 050004078 006000200 002400000 000000002 040003050 073002000 000930701 009000000 
500706000 003000600 000000075 060000000 700100000 801002000 000000013 080000500 305010409
000000008 000300004 396800050 024000800 700010025 000000790 000700003 040001000 200005000
000000209 604009000 900000500 050680020 000200900 040090700 000064090 000300005 001000000
201000040 000304960 460008003 050000379 002900000 000047000 000700001 005000000 608500037
000003080 076100400 000400006 092000000 001750000 430006800 000870030 000600100 000000600
008009001 300000000 015703006 700000000 042006007 560020030 000000014 050900000 000040000
200000004 008600000 000008090 000900000 024086005 000400300 030009060 900030812 005700000
000800000 000009760 070005000 005208000 003071050 000000030 006000090 084050100 007003000
006000070 100480000 008297000 000000000 503100800 860000001 000900004 000000300 000005007
060000000 120000090 004000607 006000004 000270000 000009010 700002460 000000035 048000002
006000000 000040080 000000150 000632007 079400000 002078006 900000000 010000030 000005064
060000000 580000012 001700060 006000000 007000900 000070530 070000005 000302008 090007040
500007906 000436000 160000072 000060000 906000000 028075000 000000704 000000180 000000000
000000000 400300802 050600009 000000700 001000000 070098134 014800000 500007400 000000070
000400000 002805907 000000000 000300006 000600000 030008090 071000002 368000100 000010600
000041070 900000060 008360005 006900003 070800200 000600000 090006001 600000000 040000009
000000000 050070032 104009000 000000074 007002000 300000050 000013000 810000400 620080000
000000000 030500000 000730840 006010030 000000600 070090000 020001007 581460000 900000000
605040800 107500060 000000000 090000400 704026000 000000020 003200600 010800000 000010008
000030700 090000000 000002190 100000005 000000060 638054009 009000380 025000000 000100950