042070000 000800250 005000000 070008040 003000000 000006507 010062030 309000000 080103400
030400000 001760000 400200007 000010000 000002050 100600040 905103820 000006000 006004000
000901500 004300009 000000010 016500002 800000000 009672008 080000040 000039000 040008001
009000000 008001003 000480000 510000070 000000820 000090006 090700005 400002007 000650002
408001060 000000300 000050000 000090001 050000008 071000600 090040000 030009400 000600289
510008406 690000000 002000000 800000070 000900500 070400300 000040060 900020040 308000000
040005000 930060000 700000890 000750000 010000000 000000010 102000400 490100080 003200006
006000000 900030006 000001050 080000000 050000240 000000809 201000000 090760000 408050060
091030780 600900000 000000000 007050800 800010000 100000260 008000400 010000090 000804005
060000080 325000000 000970000 000008150 007000009 000502000 900860300 040000800 010040000
400000001 080009030 030500000 000000054 000001060 008000020 000600910 100050002 800007000
000000010 050000360 300000080 016020708 000609200 000000000 408000000 000000031 900006000
000800702 007006000 000004300 000000008 079000004 250000090 000007000 036400000 100005860
003001000 070000008 000000609 049300507 000900061 000004000 200710000 000000000 001080900
000000000 004002007 010050040 030600080 796000000 100020009 060000830 000000010 200000090
009000060 400009000 000560000 000000050 105007006 080000900 000170630 040000010 000020004
090007000 700241080 080050073 006000300 000000049 502000008 008000002 070500000 000000000
050000000 700500490 080430005 600003080 000000000 000200049 000000800 046025000 000100600
031070600 290306000 006000500 800460900 000000000 010000000 007000080 000900005 100003009
006094000 000050890 180000000 002000030 000905020 300020007 603000070 090000000 020000300
081060300 000000100 004100060 060030000 020001000 000708020 000000900 050006000 003002645
782054000 000300000 010000040 500000000 001000060 000861075 000000090 000000008 004905006
000000000 405000190 000100000 000000020 600390400 980702300 000000900 102600040 040000003
090006000 200000400 400000030 034100000 020800000 000600000 600000541 900002003 740500020
003000009 900040085 050006000 000000910 000000000 000004000 138007090 009500100 000020003
500301000 004000006 070000050 008030000 000020000 093000210 610700400 000000090 080002500
002100406 604057090 000000001 300200000 000000000 090074500 000008900 080500700 000000600
050006009 008500000 091020800 800005200 000907000 009008000 000050040 000800610 000400003
050600000 068004700 000000013 000008000 009000500 600200000 100800050 490003207 000090000
000500800 690000000 000010320 302000000 009000010 410007030 805000000 020000600 000084003
400063020 000040081 200175000 003000000 002000005 570000904 000500010 000000803 005000000
200000300 900000005 000500028 040706000 000000000 300010460 570000000 001000500 890001000
500600300 000000409 090000001 003800000 250000070 004900200 000210600 000009700 102060000
006009070 002570430 071020000 060900000 007003000 000040000 630002000 000090080 000060020
005090200 000001040 009000000 480010000 060003000 097000002 000030060 700009508 000750000
100502000 000060000 009000300 078000600 000000000 001030240 000400571 000000800 907600000
000000003 070000840 400192060 000000100 000000000 000050600 010900204 802600507 000000000
000560004 060009000 000000200 002910030 000700001 008000000 009050120 057290300 003000000
006000005 040008600 500000390 013200076 000800009 700000001 000009000 000000700 000740060
005030010 000060200 080500000 200007080 407005030 000040000 000000090 706300000 500900000
002003064 000002000 407000100 030000000 090000028 000600010 800000050 003029000 250000000
008396050 000020003 000010070 000501397 090000000 004080005 000100900 000007000 300000700
009000060 400009000 000560000 000000050 105007006 080000900 000170630 040000010 000020004
000000000 170050060 400000000 000070100 730840200 061000900 000000410 500008030 000400090
010007008 007009000 093000100 000000000 200750300 000031060 005143070 000008001 000000000
307080020 008007060 900400000 001700000 020090070 000005000 009260005 200000043 700000000
700001009 000086003 280000150 000013000 000907400 000050060 060000020 090400000 000000508
300800000 000502000 800000390 080015070 000000006 009000100 000000043 000359800 000400000
030670000 050000980 004000703 000000000 140002000 003801000 060000090 010000050 009030004
000097408 004030100 030200967 009800000 000350000 000100000 300020000 050000700 000000200
000000200 002006170 000000008 009000000 000100402 720950000 960385000 000400003 000000010
