010000040 600018050 090540000 002000000 070002000 000064000 500000900 307900060 000025070
008000000 100000470 050009000 014006800 800030000 500700009 460000700 000000020 970008000
390000840 700600003 004090000 000050002 000001000 000408700 020070060 070040030 001500200
000040072 001907680 020000000 000010000 009304000 080000030 800050014 007000050 500000000
000000070 000500800 000090042 060457000 080000000 040010007 370000050 006000004 000700009
102000300 030002005 000140000 020090000 500000009 000010000 078900000 000300060 000700500
502000000 000030000 080000014 007000900 050600070 008000060 900000500 300940007 070000009
000000070 000000308 004090215 052000000 007600000 000070000 100520090 070000000 009040500
480090070 300020900 700000805 000200000 200070010 000300000 000006100 049002000 000700200
704100000 000000087 000053000 000000000 007000508 589601040 021000003 000500800 000002000
008004000 000000000 500000300 800500000 400070608 070000045 085001020 002000060 000200093
000000007 040600308 000000000 700060400 001000032 000000000 050084920 000001070 009230050
000400396 040026000 970000004 700160940 409000103 018094007 800000072 000240030 123005000
603000200 000320070 000900340 400000025 000215000 320000007 074002000 030064000 006000804
100009400 004000907 050702000 000020040 089000710 070050000 000603090 302000500 001200004
682001050 940702300 003645800 008900070 406100000 059807230 200470000 000030008 000006003