000004009 000000000 008970013 027000080 000007006 150000400 000005307 002000090 000720000
072040106 400390000 600200003 000020000 260000708 050037000 000000000 000080042 001000000
000705004 000010009 050000070 070000000 080002000 009307000 600004000 400098001 003000000
610000004 205004000 309000080 003000060 020306008 000070000 000020030 402061000 000000000
200063700 000000000 086020000 700008009 003004000 000001000 800000040 090700053 004006900
080000019 000820000 923000000 000030000 000900000 040000007 009006050 001700300 002080090
050910040 103000700 000000600 000060090 000308000 001000003 009451000 007800001 010002064
000080000 080094200 040000000 001028507 000000000 009000000 000000421 000000076 734100000
900000080 100405060 050700004 000004730 008600000 009000000 000060009 004000250 000001300
100400950 003800000 050060027 000000500 501000400 000000000 387020009 009080000 000000000
006000090 050000043 807305006 002000000 000020100 400731000 000010050 504900028 000800070
000000040 900300000 060000070 014200690 059070000 608000007 001500000 000002100 200000000
000901300 000000000 490200000 908060700 000000801 000000000 700802600 265010000 001590000
006003000 012000000 500000007 000060730 309010806 004000000 000000204 050000300 240009000
520003000 000010024 300000105 000160000 000900000 204000006 090000070 800070060 070000510
008000400 203000000 401000000 000906000 870041905 500000000 000070893 000000000 040000071
000000012 000000004 540600000 930704080 002009005 000008300 000000000 000590000 006012700
200760000 050000900 000200000 003000150 700130000 009040007 030000005 000094000 002080000
098000000 000095000 200640010 500300600 003006050 007000040 004000120 002000000 006000097
000000000 200008000 010000796 098000130 100000060 026000000 004000300 030005008 000000040
400500020 000000000 000000105 004918000 000400006 308060002 009200080 000007000 020000907
000000000 030000040 102000006 000070069 000300470 060005200 003200015 000030800 004708000
000040000 070100006 008520900 040000000 000809020 000400000 690000300 020050000 030910070
504000300 601984200 000200004 000027000 000036000 000000060 000008009 007400500 010600000
000000000 000005002 802000700 010700004 000053900 090600083 100000000 605100240 420030070 
000060100 580201040 219000000 000070000 000900300 000100000 000003670 460500000 000000000
000043007 000000010 100005690 090000000 040009000 085000000 400010250 010004008 200006003
002100850 000008009 003040270 000700000 050002300 000009001 608090704 090000000 000000000
003007009 000018000 050000004 060030000 020800000 301000805 030000000 080400750 000000140
002000000 090530000 001000080 060000200 003700050 500300100 900060008 006047003 080000000
000010020 002300090 000705106 900800200 000001050 000000600 800000000 260900003 500034800
060004000 020000405 000005860 003060100 009000000 000031000 200070508 007800690 000000000
000020060 007009008 001408000 000590010 039040000 005000000 000002006 170600040 000180000
060000005 000001000 038070090 000050200 300000600 000090010 020000000 054003080 000507040
000008200 018040060 307000000 000000008 000000050 056002093 000000500 000726000 000000610
091040020 000000970 807003000 000000005 300000000 002000080 060900050 008401600 100007000
000002000 000000307 000706194 010005403 004000800 000000060 000001000 000470000 008600005
000007000 500000703 900500080 000480000 400000000 801005920 090000100 000700862 720000000
090020000 070000000 030601080 100000006 050407000 007000050 005000200 300050708 000043900
000004020 000025070 000000860 900700000 000000080 050200007 080010000 009006040 200007038
205009003 000028500 000010040 620090000 000000080 058000000 500001000 007003052 000400370
000000006 000200050 030700000 000107305 200030001 000000402 000000139 020005800 803000007
000008070 000700000 005000902 000937200 080004050 100860000 000409000 076000800 000000000
005700100 004000500 001904008 000008006 200390000 009000000 062000001 970040052 100070090
000001790 050009020 000806005 009020000 004000000 001900000 038004907 000700800 000000402
002100850 000008009 003040270 000700000 050002300 000009001 608090704 090000000 000000000
000000000 000000072 060350040 920083010 800005000 007400000 000200300 000007008 500009000
000040000 047020000 100607800 000000000 000009000 060000058 000302009 200070400 030408000
000200800 040730000 802500004 710024000 000000000 006050000 600090100 000006300 090300008
000000040 000000000 270900853 002000031 040601000 060000090 800290000 000000000 700000008
003005900 020001050 008400000 001009000 200000000 000003000 000560000 062000000 405100730
065108004 700400000 000000080 009000600 080270000 020000000 640000370 000310009 000000008 
600000000 003090040 000050000 200700000 000020000 001405000 097008030 020070009 060000100
000000630 060700108 100020000 300502800 000800500 500130000 200300091 050000000 000670420
080006000 000000000 006020000 091560008 000498070 030000000 000650900 050132700 000000002
047600000 600000075 001003060 000000209 000070003 090500100 500000800 280000034 000800000
350000600 120040700 970000002 800000020 000000030 500030000 000621000 090000080 000005040
070600804 010008000 000000000 800000019 735000000 000030060 540209100 000500080 100000700
240000010 000005060 903000000 060000005 002004608 800000020 000600430 008000000 019000070
000500000 000000700 700040000 060305200 040200000 008000060 000408036 000632108 000090002
600900000 000500010 400006050 504090200 820000500 030070000 005003048 000050000 700002005
060000800 010900400 200000000 020300900 037006002 800000000 093000000 000805100 400001000
040500000 300000060 000000102 090003570 603050000 000000030 000000850 150030090 080900700
300007000 000100005 040380000 002000080 004000150 000032060 520000098 000020000 010000030
049000050 008020300 006000000 000400600 007000401 080010000 010790000 000001807 000800000
950300000 028641009 700000200 030700040 080000605 000000007 040000080 801200000 000008700
028096000 900003000 000854010 000005200 079060000 500000000 162008407 003700000 000000000
000079010 004260083 000001000 980000060 000000009 005004000 000030270 800700000 000500040
300007000 000100005 040380000 002000080 004000150 000032060 520000098 000020000 010000030 
004070000 001009008 000000700 000000521 000305000 000060900 000007102 000052680 950086070
006095004 000000007 070080520 008001005 000002000 000009000 040010002 003006700 500037800
820010000 007000800 000300007 000046000 000001200 091000600 000000080 006709015 000000300
000570030 300086009 000000010 070009000 003800605 800200070 000005007 047000100 600000048
700006009 050004078 006000200 002400000 000000002 040003050 073002000 000930701 009000000 
500706000 003000600 000000075 060000000 700100000 801002000 000000013 080000500 305010409
000000008 000300004 396800050 024000800 700010025 000000790 000700003 040001000 200005000
000000209 604009000 900000500 050680020 000200900 040090700 000064090 000300005 001000000
201000040 000304960 460008003 050000379 002900000 000047000 000700001 005000000 608500037
000003080 076100400 000400006 092000000 001750000 430006800 000870030 000600100 000000600
008009001 300000000 015703006 700000000 042006007 560020030 000000014 050900000 000040000
200000004 008600000 000008090 000900000 024086005 000400300 030009060 900030812 005700000
000800000 000009760 070005000 005208000 003071050 000000030 006000090 084050100 007003000
006000070 100480000 008297000 000000000 503100800 860000001 000900004 000000300 000005007
060000000 120000090 004000607 006000004 000270000 000009010 700002460 000000035 048000002
006000000 000040080 000000150 000632007 079400000 002078006 900000000 010000030 000005064
060000000 580000012 001700060 006000000 007000900 000070530 070000005 000302008 090007040
500007906 000436000 160000072 000060000 906000000 028075000 000000704 000000180 000000000
000000000 400300802 050600009 000000700 001000000 070098134 014800000 500007400 000000070
000400000 002805907 000000000 000300006 000600000 030008090 071000002 368000100 000010600
000041070 900000060 008360005 006900003 070800200 000600000 090006001 600000000 040000009
000000000 050070032 104009000 000000074 007002000 300000050 000013000 810000400 620080000
000000000 030500000 000730840 006010030 000000600 070090000 020001007 581460000 900000000
605040800 107500060 000000000 090000400 704026000 000000020 003200600 010800000 000010008
000030700 090000000 000002190 100000005 000000060 638054009 009000380 025000000 000100950
000080000 908050020 204600030 007000000 405000000 000500800 072006040 000100000 000403080
700000028 000100609 300000010 600000040 000008076 000560000 000000107 016000030 007001000
001000000 000800061 030094000 000000090 000070003 002006500 900002000 060410380 007000050
000020040 010600300 097300000 200000600 070006280 000000170 000000000 105000060 804000000
000000000 030000040 102000006 000070069 000300470 060005200 003200015 000030800 004708000
200000359 000000000 010000000 500000000 002000078 308040000 830012000 026000010 450000093
042070000 000800250 005000000 070008040 003000000 000006507 010062030 309000000 080103400
030400000 001760000 400200007 000010000 000002050 100600040 905103820 000006000 006004000
000901500 004300009 000000010 016500002 800000000 009672008 080000040 000039000 040008001
009000000 008001003 000480000 510000070 000000820 000090006 090700005 400002007 000650002
408001060 000000300 000050000 000090001 050000008 071000600 090040000 030009400 000600289
510008406 690000000 002000000 800000070 000900500 070400300 000040060 900020040 308000000
040005000 930060000 700000890 000750000 010000000 000000010 102000400 490100080 003200006
006000000 900030006 000001050 080000000 050000240 000000809 201000000 090760000 408050060
091030780 600900000 000000000 007050800 800010000 100000260 008000400 010000090 000804005
060000080 325000000 000970000 000008150 007000009 000502000 900860300 040000800 010040000
400000001 080009030 030500000 000000054 000001060 008000020 000600910 100050002 800007000
000000010 050000360 300000080 016020708 000609200 000000000 408000000 000000031 900006000
000800702 007006000 000004300 000000008 079000004 250000090 000007000 036400000 100005860
003001000 070000008 000000609 049300507 000900061 000004000 200710000 000000000 001080900
000000000 004002007 010050040 030600080 796000000 100020009 060000830 000000010 200000090
009000060 400009000 000560000 000000050 105007006 080000900 000170630 040000010 000020004
090007000 700241080 080050073 006000300 000000049 502000008 008000002 070500000 000000000
050000000 700500490 080430005 600003080 000000000 000200049 000000800 046025000 000100600
031070600 290306000 006000500 800460900 000000000 010000000 007000080 000900005 100003009
006094000 000050890 180000000 002000030 000905020 300020007 603000070 090000000 020000300
081060300 000000100 004100060 060030000 020001000 000708020 000000900 050006000 003002645
782054000 000300000 010000040 500000000 001000060 000861075 000000090 000000008 004905006
000000000 405000190 000100000 000000020 600390400 980702300 000000900 102600040 040000003
090006000 200000400 400000030 034100000 020800000 000600000 600000541 900002003 740500020
003000009 900040085 050006000 000000910 000000000 000004000 138007090 009500100 000020003
500301000 004000006 070000050 008030000 000020000 093000210 610700400 000000090 080002500
002100406 604057090 000000001 300200000 000000000 090074500 000008900 080500700 000000600
050006009 008500000 091020800 800005200 000907000 009008000 000050040 000800610 000400003
050600000 068004700 000000013 000008000 009000500 600200000 100800050 490003207 000090000
000500800 690000000 000010320 302000000 009000010 410007030 805000000 020000600 000084003
400063020 000040081 200175000 003000000 002000005 570000904 000500010 000000803 005000000
200000300 900000005 000500028 040706000 000000000 300010460 570000000 001000500 890001000
500600300 000000409 090000001 003800000 250000070 004900200 000210600 000009700 102060000
006009070 002570430 071020000 060900000 007003000 000040000 630002000 000090080 000060020
005090200 000001040 009000000 480010000 060003000 097000002 000030060 700009508 000750000
100502000 000060000 009000300 078000600 000000000 001030240 000400571 000000800 907600000
000000003 070000840 400192060 000000100 000000000 000050600 010900204 802600507 000000000
000560004 060009000 000000200 002910030 000700001 008000000 009050120 057290300 003000000
006000005 040008600 500000390 013200076 000800009 700000001 000009000 000000700 000740060
005030010 000060200 080500000 200007080 407005030 000040000 000000090 706300000 500900000
002003064 000002000 407000100 030000000 090000028 000600010 800000050 003029000 250000000
008396050 000020003 000010070 000501397 090000000 004080005 000100900 000007000 300000700
009000060 400009000 000560000 000000050 105007006 080000900 000170630 040000010 000020004
000000000 170050060 400000000 000070100 730840200 061000900 000000410 500008030 000400090
010007008 007009000 093000100 000000000 200750300 000031060 005143070 000008001 000000000
307080020 008007060 900400000 001700000 020090070 000005000 009260005 200000043 700000000
700001009 000086003 280000150 000013000 000907400 000050060 060000020 090400000 000000508
300800000 000502000 800000390 080015070 000000006 009000100 000000043 000359800 000400000
030670000 050000980 004000703 000000000 140002000 003801000 060000090 010000050 009030004
000097408 004030100 030200967 009800000 000350000 000100000 300020000 050000700 000000200
000000200 002006170 000000008 009000000 000100402 720950000 960385000 000400003 000000010
600000008 001089000 020500004 000900000 080671000 007030000 002300609 000042300 500000000
010050072 070000000 000108300 050000000 008000000 300402000 200509430 006000010 000000209
000900000 004000090 003001400 008290054 000005009 005400001 070000000 006020007 000006003
070000040 000000070 060408501 050003008 008000000 000000300 700009000 905026000 000007200
000000500 415300000 000000301 000000012 070800005 000090400 030010900 060007004 104500200
010800024 030004000 080000006 000000030 000080000 000016040 000200010 760100980 005700000
000000040 000240050 000006001 203600005 090000030 010000809 002400000 700000003 000807000
001400905 000005670 008000003 040090000 020000054 000020801 000300100 002000000 000001007
000200700 000000200 051000060 000003007 000109000 000000000 108436000 526000000 004050800
000500100 080600000 000000209 000400386 300000500 007008000 000000000 060890014 001000000
080600001 004000020 007000005 008063000 000041500 010000000 002700390 090000000 600050000
280045000 000000000 000000506 740000300 900080000 063000705 002004160 810900000 000000030
000000076 768000250 504000009 000030000 030200900 070146000 000000000 903050080 000000000
050400307 000800504 006000000 000000000 007010000 380075000 009507240 070000800 000209000
000090000 000002085 000500300 310000600 000000050 005300902 001004020 004000000 783200001
140090000 830000010 000065000 002003094 000000105 003004000 708600000 300000200 000207000
001000000 000008000 000090648 708600500 000000400 000027000 000000900 003000026 920000100
005090200 000001040 009000000 480010000 060003000 097000002 000030060 700009508 000750000
063000005 140090000 000000003 000700800 007010000 000300001 006008500 800000209 300000070
400008000 200003007 000700000 906000000 000032600 530000040 000096100 109000320 600080000
007000000 100046030 090708000 000000509 000020701 000000000 009000800 400200050 703000104
005080400 080004059 000000070 000000000 000700004 000063010 000000002 930218005 004000003
108000000 000009000 000003075 000005640 000030000 400820703 000390000 009712000 000000082
930000000 000800000 806000002 050000703 708000010 400000050 305607009 000010040 200000006
000006010 900000007 006005092 000300400 500000000 000000000 020003006 063108000 070400000
000200700 000000200 051000060 000003007 000109000 000000000 108436000 526000000 004050800
000000040 002903000 080000050 035620000 100300000 200000500 000001030 010400270 470030900
600040900 020000004 008009007 010003000 700000600 250000790 080034026 000000000 000050000
040000000 050090074 006024000 000002000 000000408 500009630 900060040 000071050 170000000
000000100 209003000 003850000 000700000 900045600 601002074 306000900 000000007 100060000
080000000 605000031 420070089 000000000 000020060 002000300 001000200 006900000 004051006
003000009 900040085 050006000 000000910 000000000 000004000 138007090 009500100 000020003
030008000 100520900 007060050 000100000 800049030 070000400 302600000 000000060 094000005
050600000 068004700 000000013 000008000 009000500 600200000 100800050 490003207 000090000
007910000 009002030 012700000 100069000 000001008 000000000 000090050 004107060 900003800
308020000 090000078 200060000 400000590 060003000 709000000 000600001 007409002 000000005
200100600 090320000 000000024 000000060 000062000 004000001 407001000 800900070 000040510
000703012 300400000 006000370 003009000 000007509 000600000 100900003 034280000 002070000
702090800 050000007 008001000 000300001 807000030 500004006 009046000 200003000 000000400
000000000 809062513 030100000 000000040 403019070 900005800 000000420 600000100 000000050
060000000 004080030 300200070 000002000 800010064 451008000 009000457 500000000 000005000
100000002 002130000 700800000 090000820 030760040 005000000 000000090 900074000 004000060
003000000 071000609 060007000 200800000 007400130 050009080 600050000 000090062 000000003
160900003 000600000 700400209 000000900 008000640 000000025 000003000 000160072 000758006
800072003 900043007 000680050 080000000 000000000 009800000 230000510 005060008 008050000
000103000 008564000 000700020 790000580 004000100 000005000 006007000 070000200 800300050
000000800 600040000 000050001 700000610 300820700 401760090 008300400 000070000 000000906
067100908 000750000 430000000 000009100 000000000 000000020 008000035 203010806 000000012
300007000 000000001 000100950 650000700 000200000 000015000 000080000 210070300 746300009